{
    "fl_y": 1836.304036548624, 
    "fl_x": 1839.647145292484,
    "h": 1549,
    "w": 1668,
    "cx": 834,
    "cy": 774.5,
    "frames": [
        {
            "cx": 834,
            "w": 1668,
            "fl_x": 23.55132484436035,
            "fl_y": 23.55132484436035,
            "transform_matrix": [
                [
                    -0.3077053129673004,
                    -0.917937695980072,
                    -0.25041505694389343,
                    0
                ],
                [
                    -0.6208314895629883,
                    -0.005744388327002525,
                    0.7839229702949524,
                    0
                ],
                [
                    -0.7210309505462646,
                    0.39668282866477966,
                    -0.5681170225143433,
                    0
                ],
                [
                    -0.23155413568019867,
                    0.5164601802825928,
                    0.7154762148857117,
                    0.9999999403953552
                ]
            ],
            "file_path": "17151610374623241.png",
            "h": 1549,
            "cy": 774.5
        },
        {
            "file_path": "1715161039081099.png",
            "transform_matrix": [
                [
                    -0.3399478793144226,
                    -0.9194183349609375,
                    -0.19775041937828064,
                    0
                ],
                [
                    -0.47615858912467957,
                    -0.013057609088718891,
                    0.879262387752533,
                    0
                ],
                [
                    -0.8109921813011169,
                    0.3930639922618866,
                    -0.4333500862121582,
                    0
                ],
                [
                    -0.198083758354187,
                    0.5138441920280457,
                    0.6748396158218384,
                    0.9999998807907104
                ]
            ],
            "cx": 834,
            "cy": 774.5,
            "w": 1668,
            "fl_x": 23.55132484436035,
            "h": 1549,
            "fl_y": 23.55132484436035
        },
        {
            "file_path": "1715161040614744.png",
            "fl_x": 23.55132484436035,
            "transform_matrix": [
                [
                    -0.3641637861728668,
                    -0.9225381016731262,
                    -0.1277030110359192,
                    0
                ],
                [
                    -0.295093834400177,
                    -0.015757737681269646,
                    0.9553382992744446,
                    0
                ],
                [
                    -0.8833484053611755,
                    0.3855839967727661,
                    -0.2664969265460968,
                    0
                ],
                [
                    -0.16929689049720764,
                    0.518911600112915,
                    0.605294406414032,
                    0.9999999403953552
                ]
            ],
            "cy": 774.5,
            "fl_y": 23.55132484436035,
            "cx": 834,
            "h": 1549,
            "w": 1668
        },
        {
            "fl_x": 23.55132484436035,
            "h": 1549,
            "cy": 774.5,
            "transform_matrix": [
                [
                    -0.37535127997398376,
                    -0.9259860515594482,
                    -0.04075870290398598,
                    0
                ],
                [
                    -0.06640036404132843,
                    -0.016997462138533592,
                    0.9976483583450317,
                    0
                ],
                [
                    -0.9245012998580933,
                    0.377174973487854,
                    -0.05510576814413071,
                    0
                ],
                [
                    -0.13492846488952637,
                    0.5245093107223511,
                    0.5377074480056763,
                    1
                ]
            ],
            "fl_y": 23.55132484436035,
            "cx": 834,
            "w": 1668,
            "file_path": "1715161041882042.png"
        },
        {
            "fl_x": 23.55132484436035,
            "transform_matrix": [
                [
                    -0.05708727240562439,
                    -0.9980791807174683,
                    -0.024062396958470345,
                    0
                ],
                [
                    -0.23531430959701538,
                    -0.009971186518669128,
                    0.9718682765960693,
                    0
                ],
                [
                    -0.9702414870262146,
                    0.061143528670072556,
                    -0.23429301381111145,
                    0
                ],
                [
                    -0.19126032292842865,
                    0.6030520796775818,
                    0.5658288598060608,
                    1
                ]
            ],
            "h": 1549,
            "w": 1668,
            "cx": 834,
            "file_path": "17151610461164088.png",
            "cy": 774.5,
            "fl_y": 23.55132484436035
        },
        {
            "h": 1549,
            "w": 1668,
            "fl_x": 23.55132484436035,
            "fl_y": 23.55132484436035,
            "cx": 834,
            "cy": 774.5,
            "file_path": "1715161047349986.png",
            "transform_matrix": [
                [
                    -0.058076467365026474,
                    -0.9974651336669922,
                    -0.041113901883363724,
                    0
                ],
                [
                    -0.421739399433136,
                    -0.012814301066100597,
                    0.9066264629364014,
                    0
                ],
                [
                    -0.9048551917076111,
                    0.0699930191040039,
                    -0.41992613673210144,
                    0
                ],
                [
                    -0.21948571503162384,
                    0.5989540219306946,
                    0.6036467552185059,
                    0.9999998807907104
                ]
            ]
        },
        {
            "file_path": "1715161049217597.png",
            "cy": 774.5,
            "h": 1549,
            "fl_y": 23.55132484436035,
            "cx": 834,
            "w": 1668,
            "fl_x": 23.55132484436035,
            "transform_matrix": [
                [
                    -0.08163909614086151,
                    -0.9954927563667297,
                    -0.04826216399669647,
                    0
                ],
                [
                    -0.59324711561203,
                    0.00962628610432148,
                    0.8049629926681519,
                    0
                ],
                [
                    -0.8008701801300049,
                    0.09434783458709717,
                    -0.59135901927948,
                    0
                ],
                [
                    -0.2384129762649536,
                    0.5953574180603027,
                    0.6300978064537048,
                    1
                ]
            ]
        },
        {
            "w": 1668,
            "file_path": "1715161050418693.png",
            "fl_x": 23.55132484436035,
            "cy": 774.5,
            "h": 1549,
            "transform_matrix": [
                [
                    -0.0672067403793335,
                    -0.9955516457557678,
                    -0.0660320371389389,
                    0
                ],
                [
                    -0.7352405190467834,
                    0.004678051453083754,
                    0.6777903437614441,
                    0
                ],
                [
                    -0.6744663715362549,
                    0.09410150349140167,
                    -0.7322841882705688,
                    0
                ],
                [
                    -0.29211071133613586,
                    0.5935922861099243,
                    0.6510462760925293,
                    1
                ]
            ],
            "fl_y": 23.55132484436035,
            "cx": 834
        },
        {
            "cx": 834,
            "h": 1549,
            "w": 1668,
            "cy": 774.5,
            "fl_y": 23.55132484436035,
            "transform_matrix": [
                [
                    -0.07114680856466293,
                    -0.9939479827880859,
                    -0.08369991183280945,
                    0
                ],
                [
                    -0.7758510708808899,
                    0.002406641375273466,
                    0.630911648273468,
                    0
                ],
                [
                    -0.6268918514251709,
                    0.10982601344585419,
                    -0.7713267207145691,
                    0
                ],
                [
                    -0.3143922984600067,
                    0.5869008898735046,
                    0.6483876705169678,
                    1
                ]
            ],
            "fl_x": 23.55132484436035,
            "file_path": "1715161052969576.png"
        },
        {
            "w": 1668,
            "cx": 834,
            "transform_matrix": [
                [
                    -0.18419769406318665,
                    -0.951542317867279,
                    -0.2462487369775772,
                    0
                ],
                [
                    -0.7810803651809692,
                    -0.010373491793870926,
                    0.6243444085121155,
                    0
                ],
                [
                    -0.5966445803642273,
                    0.30734285712242126,
                    -0.7413202524185181,
                    0
                ],
                [
                    -0.29412275552749634,
                    0.5269237756729126,
                    0.6651323437690735,
                    0.9999999403953552
                ]
            ],
            "fl_y": 23.55132484436035,
            "file_path": "1715161054169632.png",
            "fl_x": 23.55132484436035,
            "h": 1549,
            "cy": 774.5
        },
        {
            "h": 1549,
            "w": 1668,
            "file_path": "1715161055469451.png",
            "cx": 834,
            "fl_x": 23.55132484436035,
            "cy": 774.5,
            "fl_y": 23.55132484436035,
            "transform_matrix": [
                [
                    -0.25860267877578735,
                    -0.8942608833312988,
                    -0.3652700185775757,
                    0
                ],
                [
                    -0.7946485877037048,
                    -0.018057407811284065,
                    0.6068012118339539,
                    0
                ],
                [
                    -0.5492343902587891,
                    0.44718170166015625,
                    -0.7059534192085266,
                    0
                ],
                [
                    -0.2781032621860504,
                    0.481044203042984,
                    0.658739447593689,
                    0.9999999403953552
                ]
            ]
        },
        {
            "w": 1668,
            "fl_x": 23.55132484436035,
            "fl_y": 23.55132484436035,
            "cy": 774.5,
            "cx": 834,
            "file_path": "1715161056803773.png",
            "h": 1549,
            "transform_matrix": [
                [
                    -0.3505290150642395,
                    -0.8029372692108154,
                    -0.48210081458091736,
                    0
                ],
                [
                    -0.7902473211288452,
                    -0.022689785808324814,
                    0.6123679280281067,
                    0
                ],
                [
                    -0.5026317834854126,
                    0.5956315994262695,
                    -0.6265655755996704,
                    0
                ],
                [
                    -0.27781593799591064,
                    0.42108774185180664,
                    0.6688798069953918,
                    1
                ]
            ]
        },
        {
            "fl_y": 23.55132484436035,
            "transform_matrix": [
                [
                    -0.46712684631347656,
                    -0.805435836315155,
                    -0.3647814691066742,
                    0
                ],
                [
                    -0.5988834500312805,
                    -0.01529906876385212,
                    0.8006901144981384,
                    0
                ],
                [
                    -0.6504852771759033,
                    0.5924854278564453,
                    -0.47521546483039856,
                    0
                ],
                [
                    -0.21061928570270538,
                    0.42579537630081177,
                    0.6205663681030273,
                    1
                ]
            ],
            "h": 1549,
            "fl_x": 23.55132484436035,
            "w": 1668,
            "cy": 774.5,
            "file_path": "171516105790396.png",
            "cx": 834
        },
        {
            "file_path": "1715161059054329.png",
            "cy": 774.5,
            "transform_matrix": [
                [
                    -0.5593312382698059,
                    -0.8169779181480408,
                    -0.14034061133861542,
                    0
                ],
                [
                    -0.22943443059921265,
                    -0.0101100979372859,
                    0.9732714891433716,
                    0
                ],
                [
                    -0.7965602874755859,
                    0.5765802264213562,
                    -0.18178790807724,
                    0
                ],
                [
                    -0.11653746664524078,
                    0.4384581744670868,
                    0.5174167156219482,
                    0.9999998807907104
                ]
            ],
            "cx": 834,
            "w": 1668,
            "h": 1549,
            "fl_y": 23.55132484436035,
            "fl_x": 23.55132484436035
        },
        {
            "cy": 774.5,
            "cx": 834,
            "w": 1668,
            "fl_y": 23.55132484436035,
            "fl_x": 23.55132484436035,
            "transform_matrix": [
                [
                    -0.555751621723175,
                    -0.8305240273475647,
                    0.03701184689998627,
                    0
                ],
                [
                    0.05572936683893204,
                    0.0072022778913378716,
                    0.9984198808670044,
                    0
                ],
                [
                    -0.82947838306427,
                    0.5569360852241516,
                    0.04228195175528526,
                    0
                ],
                [
                    -0.07516612112522125,
                    0.4488898515701294,
                    0.41836708784103394,
                    0.9999999403953552
                ]
            ],
            "h": 1549,
            "file_path": "171516106025535.png"
        },
        {
            "w": 1668,
            "file_path": "1715161061589725.png",
            "cy": 774.5,
            "transform_matrix": [
                [
                    -0.4465022683143616,
                    -0.8889825940132141,
                    0.10171434283256531,
                    0
                ],
                [
                    0.18886743485927582,
                    0.017478615045547485,
                    0.9818471074104309,
                    0
                ],
                [
                    -0.8746227622032166,
                    0.4576074182987213,
                    0.16009566187858582,
                    0
                ],
                [
                    -0.07976724952459335,
                    0.4831501245498657,
                    0.38063642382621765,
                    1
                ]
            ],
            "cx": 834,
            "fl_y": 23.55132484436035,
            "fl_x": 23.55132484436035,
            "h": 1549
        },
        {
            "transform_matrix": [
                [
                    -0.3190453052520752,
                    -0.9469577670097351,
                    0.03848317638039589,
                    0
                ],
                [
                    0.10860015451908112,
                    0.0038089356385171413,
                    0.9940780997276306,
                    0
                ],
                [
                    -0.9414967894554138,
                    0.3213352560997009,
                    0.10162459313869476,
                    0
                ],
                [
                    0.408620685338974,
                    0.5258224010467529,
                    0.19443346560001373,
                    0.9999999403953552
                ]
            ],
            "h": 1549,
            "w": 1668,
            "fl_x": 23.55132484436035,
            "file_path": "1715161064340107.png",
            "cy": 774.5,
            "cx": 834,
            "fl_y": 23.55132484436035
        },
        {
            "fl_y": 23.55132484436035,
            "file_path": "1715161065840829.png",
            "fl_x": 23.55132484436035,
            "cy": 774.5,
            "transform_matrix": [
                [
                    -0.30982309579849243,
                    -0.949682891368866,
                    -0.04595829173922539,
                    0
                ],
                [
                    -0.16839179396629333,
                    0.007234879769384861,
                    0.9856936931610107,
                    0
                ],
                [
                    -0.935763955116272,
                    0.31312963366508484,
                    -0.16216032207012177,
                    0
                ],
                [
                    0.390913724899292,
                    0.5314775705337524,
                    0.2642762064933777,
                    1
                ]
            ],
            "h": 1549,
            "cx": 834,
            "w": 1668
        },
        {
            "fl_y": 23.55132484436035,
            "cx": 834,
            "transform_matrix": [
                [
                    -0.0889553427696228,
                    -0.9952266812324524,
                    -0.040136124938726425,
                    0
                ],
                [
                    -0.4232824146747589,
                    0.001296204631216824,
                    0.9059969782829285,
                    0
                ],
                [
                    -0.9016203284263611,
                    0.09758217632770538,
                    -0.4213772118091583,
                    0
                ],
                [
                    0.3019520938396454,
                    0.6054722666740417,
                    0.31557971239089966,
                    1.0000001192092896
                ]
            ],
            "file_path": "17151610680915852.png",
            "fl_x": 23.55132484436035,
            "w": 1668,
            "h": 1549,
            "cy": 774.5
        },
        {
            "h": 1549,
            "cy": 774.5,
            "fl_x": 23.55132484436035,
            "file_path": "1715161069608377.png",
            "transform_matrix": [
                [
                    -0.21088632941246033,
                    -0.959775984287262,
                    -0.18535685539245605,
                    0
                ],
                [
                    -0.654321014881134,
                    -0.002273466205224395,
                    0.7562136054039001,
                    0
                ],
                [
                    -0.7262169718742371,
                    0.28075799345970154,
                    -0.6275220513343811,
                    0
                ],
                [
                    0.24400268495082855,
                    0.5533240437507629,
                    0.37900590896606445,
                    1
                ]
            ],
            "cx": 834,
            "fl_y": 23.55132484436035,
            "w": 1668
        },
        {
            "fl_x": 23.55132484436035,
            "file_path": "1715161072493106.png",
            "transform_matrix": [
                [
                    -0.11922965943813324,
                    -0.9476283192634583,
                    -0.29628515243530273,
                    0
                ],
                [
                    -0.9088947772979736,
                    -0.01593564823269844,
                    0.4167211651802063,
                    0
                ],
                [
                    -0.3996182084083557,
                    0.3189775347709656,
                    -0.859394371509552,
                    0
                ],
                [
                    0.33914023637771606,
                    0.5225822925567627,
                    0.45265302062034607,
                    1
                ]
            ],
            "h": 1549,
            "w": 1668,
            "fl_y": 23.55132484436035,
            "cy": 774.5,
            "cx": 834
        },
        {
            "h": 1549,
            "fl_x": 23.55132484436035,
            "cx": 834,
            "fl_y": 23.55132484436035,
            "w": 1668,
            "transform_matrix": [
                [
                    -0.1826304942369461,
                    -0.8588903546333313,
                    -0.478490948677063,
                    0
                ],
                [
                    -0.9175664782524109,
                    -0.025916440412402153,
                    0.39673686027526855,
                    0
                ],
                [
                    -0.35315418243408203,
                    0.5115035176277161,
                    -0.7833558320999146,
                    0
                ],
                [
                    0.3618115186691284,
                    0.46277961134910583,
                    0.4127654731273651,
                    1
                ]
            ],
            "file_path": "17151610738597112.png",
            "cy": 774.5
        },
        {
            "file_path": "1715161075559695.png",
            "cx": 834,
            "fl_y": 23.55132484436035,
            "fl_x": 23.55132484436035,
            "h": 1549,
            "transform_matrix": [
                [
                    -0.2904006838798523,
                    -0.757064163684845,
                    -0.5852532386779785,
                    0
                ],
                [
                    -0.8921415209770203,
                    -0.006976657547056675,
                    0.45170241594314575,
                    0
                ],
                [
                    -0.3460507094860077,
                    0.653303325176239,
                    -0.6733822226524353,
                    0
                ],
                [
                    0.3597933053970337,
                    0.40812093019485474,
                    0.3589925467967987,
                    1
                ]
            ],
            "w": 1668,
            "cy": 774.5
        },
        {
            "transform_matrix": [
                [
                    -0.47678837180137634,
                    -0.7790442109107971,
                    -0.4071401357650757,
                    0
                ],
                [
                    -0.6286057233810425,
                    -0.02157636545598507,
                    0.7774247527122498,
                    0
                ],
                [
                    -0.6144328713417053,
                    0.6265977621078491,
                    -0.47942426800727844,
                    0
                ],
                [
                    0.44852662086486816,
                    0.4218572974205017,
                    0.28598135709762573,
                    1
                ]
            ],
            "fl_x": 23.55132484436035,
            "w": 1668,
            "fl_y": 23.55132484436035,
            "file_path": "1715161076894308.png",
            "cy": 774.5,
            "h": 1549,
            "cx": 834
        },
        {
            "file_path": "1715161078445529.png",
            "h": 1549,
            "fl_x": 23.55132484436035,
            "w": 1668,
            "transform_matrix": [
                [
                    -0.5888859033584595,
                    -0.7887749075889587,
                    -0.1762033998966217,
                    0
                ],
                [
                    -0.26480570435523987,
                    -0.01767856441438198,
                    0.9641397595405579,
                    0
                ],
                [
                    -0.7636042833328247,
                    0.614427924156189,
                    -0.19846142828464508,
                    0
                ],
                [
                    0.5691157579421997,
                    0.42541584372520447,
                    0.16036422550678253,
                    1
                ]
            ],
            "cy": 774.5,
            "cx": 834,
            "fl_y": 23.55132484436035
        },
        {
            "file_path": "17151610804468021.png",
            "w": 1668,
            "transform_matrix": [
                [
                    -0.5302867293357849,
                    -0.8477795720100403,
                    0.008117948658764362,
                    0
                ],
                [
                    0.001763750216923654,
                    0.008471934124827385,
                    0.9999626278877258,
                    0
                ],
                [
                    -0.847816526889801,
                    0.5302812457084656,
                    -0.002997161354869604,
                    0
                ],
                [
                    0.7555897831916809,
                    0.4536091089248657,
                    0.0462491400539875,
                    1
                ]
            ],
            "cy": 774.5,
            "fl_y": 23.55132484436035,
            "fl_x": 23.55132484436035,
            "cx": 834,
            "h": 1549
        },
        {
            "file_path": "17151610824301429.png",
            "fl_y": 23.55132484436035,
            "cy": 774.5,
            "transform_matrix": [
                [
                    -0.45145443081855774,
                    -0.8824583292007446,
                    0.13212241232395172,
                    0
                ],
                [
                    0.2394365519285202,
                    0.022832846269011497,
                    0.9706435799598694,
                    0
                ],
                [
                    -0.8595691919326782,
                    0.46983620524406433,
                    0.20098474621772766,
                    0
                ],
                [
                    0.7914363145828247,
                    0.4749068319797516,
                    -0.037448421120643616,
                    1
                ]
            ],
            "w": 1668,
            "fl_x": 23.55132484436035,
            "h": 1549,
            "cx": 834
        },
        {
            "transform_matrix": [
                [
                    -0.29317450523376465,
                    -0.953711748123169,
                    0.06695263832807541,
                    0
                ],
                [
                    0.08191858232021332,
                    0.04471368342638016,
                    0.9956355094909668,
                    0
                ],
                [
                    -0.9525429606437683,
                    0.29737958312034607,
                    0.06501781195402145,
                    0
                ],
                [
                    1.2780365943908691,
                    0.5364776849746704,
                    -0.2339795082807541,
                    1
                ]
            ],
            "file_path": "17151610857466931.png",
            "fl_x": 23.55132484436035,
            "h": 1549,
            "fl_y": 23.55132484436035,
            "w": 1668,
            "cx": 834,
            "cy": 774.5
        },
        {
            "w": 1668,
            "file_path": "1715161087180691.png",
            "fl_x": 23.55132484436035,
            "h": 1549,
            "cy": 774.5,
            "transform_matrix": [
                [
                    -0.2633647918701172,
                    -0.964413583278656,
                    -0.023352839052677155,
                    0
                ],
                [
                    -0.23395004868507385,
                    0.04036546126008034,
                    0.9714102149009705,
                    0
                ],
                [
                    -0.9358986616134644,
                    0.26129868626594543,
                    -0.23625542223453522,
                    0
                ],
                [
                    1.2299432754516602,
                    0.5515621900558472,
                    -0.1311735212802887,
                    0.9999999403953552
                ]
            ],
            "fl_y": 23.55132484436035,
            "cx": 834
        },
        {
            "fl_x": 23.55132484436035,
            "h": 1549,
            "file_path": "1715161088415427.png",
            "fl_y": 23.55132484436035,
            "w": 1668,
            "transform_matrix": [
                [
                    -0.2301512062549591,
                    -0.9692640900611877,
                    -0.0869351178407669,
                    0
                ],
                [
                    -0.4858495593070984,
                    0.0370405949652195,
                    0.8732572793960571,
                    0
                ],
                [
                    -0.8431968092918396,
                    0.24321860074996948,
                    -0.4794413447380066,
                    0
                ],
                [
                    1.1821272373199463,
                    0.5583354234695435,
                    -0.07318569719791412,
                    1
                ]
            ],
            "cy": 774.5,
            "cx": 834
        },
        {
            "fl_y": 23.55132484436035,
            "file_path": "171516108969959.png",
            "h": 1549,
            "cx": 834,
            "w": 1668,
            "cy": 774.5,
            "fl_x": 23.55132484436035,
            "transform_matrix": [
                [
                    -0.018527433276176453,
                    -0.9994277358055115,
                    0.028303179889917374,
                    0
                ],
                [
                    -0.5683885812759399,
                    0.033817190676927567,
                    0.822064995765686,
                    0
                ],
                [
                    -0.8225517272949219,
                    -0.0008564474410377443,
                    -0.56868976354599,
                    0
                ],
                [
                    1.134907841682434,
                    0.6438520550727844,
                    -0.07471971958875656,
                    1
                ]
            ]
        },
        {
            "fl_x": 23.55132484436035,
            "cx": 834,
            "w": 1668,
            "h": 1549,
            "fl_y": 23.55132484436035,
            "transform_matrix": [
                [
                    -0.03434241935610771,
                    -0.999409019947052,
                    0.0015063585015013814,
                    0
                ],
                [
                    -0.78841632604599,
                    0.028018342331051826,
                    0.6145037412643433,
                    0
                ],
                [
                    -0.6141828298568726,
                    0.019915906712412834,
                    -0.7889125943183899,
                    0
                ],
                [
                    1.0611801147460938,
                    0.6360406279563904,
                    -0.0289837084710598,
                    1
                ]
            ],
            "file_path": "1715161091165468.png",
            "cy": 774.5
        },
        {
            "h": 1549,
            "fl_y": 23.55132484436035,
            "cx": 834,
            "transform_matrix": [
                [
                    -0.18429334461688995,
                    -0.947179913520813,
                    -0.26246193051338196,
                    0
                ],
                [
                    -0.8202295303344727,
                    0.0010829909006133676,
                    0.572033703327179,
                    0
                ],
                [
                    -0.5415346026420593,
                    0.3207010328769684,
                    -0.7771044969558716,
                    0
                ],
                [
                    1.057625651359558,
                    0.5449265241622925,
                    0.01577995903789997,
                    1
                ]
            ],
            "fl_x": 23.55132484436035,
            "cy": 774.5,
            "w": 1668,
            "file_path": "1715161092650072.png"
        },
        {
            "w": 1668,
            "fl_x": 23.55132484436035,
            "h": 1549,
            "transform_matrix": [
                [
                    -0.33945462107658386,
                    -0.7941461205482483,
                    -0.5040856599807739,
                    0
                ],
                [
                    -0.7998202443122864,
                    -0.038344856351614,
                    0.5990134477615356,
                    0
                ],
                [
                    -0.4950333535671234,
                    0.6065159440040588,
                    -0.6221578121185303,
                    0
                ],
                [
                    1.0828900337219238,
                    0.4311317801475525,
                    0.036722540855407715,
                    0.9999999403953552
                ]
            ],
            "cy": 774.5,
            "cx": 834,
            "file_path": "1715161093983469.png",
            "fl_y": 23.55132484436035
        },
        {
            "transform_matrix": [
                [
                    -0.19260674715042114,
                    -0.7989779710769653,
                    -0.5696812272071838,
                    0
                ],
                [
                    -0.9419280290603638,
                    -0.012214455753564835,
                    0.3355926275253296,
                    0
                ],
                [
                    -0.27508941292762756,
                    0.60123610496521,
                    -0.750227153301239,
                    0
                ],
                [
                    0.9923129081726074,
                    0.4368980824947357,
                    0.07765982300043106,
                    0.9999998807907104
                ]
            ],
            "file_path": "171516109551875.png",
            "cx": 834,
            "fl_x": 23.55132484436035,
            "h": 1549,
            "fl_y": 23.55132484436035,
            "cy": 774.5,
            "w": 1668
        },
        {
            "transform_matrix": [
                [
                    -0.11580552160739899,
                    -0.9584779739379883,
                    -0.2605939507484436,
                    0
                ],
                [
                    -0.9587309956550598,
                    0.039276838302612305,
                    0.28158897161483765,
                    0
                ],
                [
                    -0.25966140627861023,
                    0.28244906663894653,
                    -0.9234709143638611,
                    0
                ],
                [
                    0.9661707878112793,
                    0.5643053650856018,
                    0.04857461899518967,
                    1
                ]
            ],
            "fl_y": 23.55132484436035,
            "cx": 834,
            "w": 1668,
            "file_path": "1715161096835091.png",
            "h": 1549,
            "cy": 774.5,
            "fl_x": 23.55132484436035
        },
        {
            "cx": 834,
            "h": 1549,
            "fl_x": 23.55132484436035,
            "fl_y": 23.55132484436035,
            "cy": 774.5,
            "w": 1668,
            "transform_matrix": [
                [
                    -0.029691211879253387,
                    -0.998731791973114,
                    -0.040658704936504364,
                    0
                ],
                [
                    -0.9918724894523621,
                    0.0244036503136158,
                    0.12487350404262543,
                    0
                ],
                [
                    -0.12372288852930069,
                    0.0440358966588974,
                    -0.9913392066955566,
                    0
                ],
                [
                    0.8736485242843628,
                    0.6430391073226929,
                    0.026166116818785667,
                    0.9999999403953552
                ]
            ],
            "file_path": "1715161099551559.png"
        },
        {
            "cx": 834,
            "w": 1668,
            "file_path": "17151611034871569.png",
            "fl_y": 23.55132484436035,
            "fl_x": 23.55132484436035,
            "cy": 774.5,
            "h": 1549,
            "transform_matrix": [
                [
                    0.12167133390903473,
                    -0.8551738262176514,
                    -0.5038591623306274,
                    0
                ],
                [
                    -0.975325345993042,
                    -0.008792188949882984,
                    -0.22059784829616547,
                    0
                ],
                [
                    0.18421952426433563,
                    0.518267035484314,
                    -0.8351422548294067,
                    0
                ],
                [
                    0.7476454377174377,
                    0.4710218608379364,
                    0.055543042719364166,
                    1
                ]
            ]
        },
        {
            "cx": 834,
            "fl_x": 23.55132484436035,
            "transform_matrix": [
                [
                    0.2242838740348816,
                    -0.8610990643501282,
                    -0.4562948942184448,
                    0
                ],
                [
                    -0.8986198306083679,
                    -0.0015768983867019415,
                    -0.43872514367103577,
                    0
                ],
                [
                    0.37706637382507324,
                    0.5084346532821655,
                    -0.7741544842720032,
                    0
                ],
                [
                    0.6900904178619385,
                    0.4756593108177185,
                    0.012527352198958397,
                    0.9999999403953552
                ]
            ],
            "h": 1549,
            "file_path": "17151611050723572.png",
            "fl_y": 23.55132484436035,
            "w": 1668,
